20
21
22
23
24
25
26
27
28
29
50
51
52
53
54
55
56
57
58
59
80
81
82
83
84
85
86
87
88
89
110
111
112
113
114
115
116
117
118
119
140
141
142
143
144
145
146
147
148
149
170
171
172
173
174
175
176
177
178
179
200
201
202
203
204
205
206
207
208
209
230
231
232
233
234
235
236
237
238
239
260
261
262
263
264
265
266
267
268
269
290
291
292
293
294
295
296
297
298
299
320
321
322
323
324
325
326
327
328
329
350
351
352
353
354
355
356
357
358
359
380
381
382
383
384
385
386
387
388
389
410
411
412
413
414
415
416
417
418
419
440
441
442
443
444
445
446
447
448
449
470
471
472
473
474
475
476
477
478
479
500
501
502
503
504
505
506
507
508
509
530
531
532
533
534
535
536
537
538
539
560
561
562
563
564
565
566
567
568
569
590
591
592
593
594
595
596
597
598
599
620
621
622
623
624
625
626
627
628
629
650
651
652
653
654
655
656
657
658
659
680
681
682
683
684
685
686
687
688
689
710
711
712
713
714
715
716
717
718
719
740
741
742
743
744
745
746
747
748
749
770
771
772
773
774
775
776
777
778
779
800
801
802
803
804
805
806
807
808
809
830
831
832
833
834
835
836
837
838
839
860
861
862
863
864
865
866
867
868
869
890
891
892
893
894
895
896
897
898
899
920
921
922
923
924
925
926
927
928
929
950
951
952
953
954
955
956
957
958
959
980
981
982
983
984
985
986
987
988
989
1010
1011
1012
1013
1014
1015
1016
1017
1018
1019
1040
1041
1042
1043
1044
1045
1046
1047
1048
1049
1070
1071
1072
1073
1074
1075
1076
1077
1078
1079
1100
1101
1102
1103
1104
1105
1106
1107
1108
1109
1130
1131
1132
1133
1134
1135
1136
1137
1138
1139
1160
1161
1162
1163
1164
1165
1166
1167
1168
1169
1190
1191
1192
1193
1194
1195
1196
1197
1198
1199
1220
1221
1222
1223
1224
1225
1226
1227
1228
1229
1250
1251
1252
1253
1254
1255
1256
1257
1258
1259
1280
1281
1282
1283
1284
1285
1286
1287
1288
1289
1310
1311
1312
1313
1314
1315
1316
1317
1318
1319
1340
1341
1342
1343
1344
1345
1346
1347
1348
1349
1370
1371
1372
1373
1374
1375
1376
1377
1378
1379
1400
1401
1402
1403
1404
1405
1406
1407
1408
1409
1430
1431
1432
1433
1434
1435
1436
1437
1438
1439
1460
1461
1462
1463
1464
1465
1466
1467
1468
1469
1490
1491
1492
1493
1494
1495
1496
1497
1498
1499
1520
1521
1522
1523
1524
1525
1526
1527
1528
1529
1550
1551
1552
1553
1554
1555
1556
1557
1558
1559
1580
1581
1582
1583
1584
1585
1586
1587
1588
1589
1610
1611
1612
1613
1614
1615
1616
1617
1618
1619
1640
1641
1642
1643
1644
1645
1646
1647
1648
1649
1670
1671
1672
1673
1674
1675
1676
1677
1678
1679
1700
1701
1702
1703
1704
1705
1706
1707
1708
1709
1730
1731
1732
1733
1734
1735
1736
1737
1738
1739
1760
1761
1762
1763
1764
1765
1766
1767
1768
1769
1790
1791
1792
1793
1794
1795
1796
1797
1798
1799
1820
1821
1822
1823
1824
1825
1826
1827
1828
1829
1850
1851
1852
1853
1854
1855
1856
1857
1858
1859
1880
1881
1882
1883
1884
1885
1886
1887
1888
1889
1910
1911
1912
1913
1914
1915
1916
1917
1918
1919
1940
1941
1942
1943
1944
1945
1946
1947
1948
1949
1970
1971
1972
1973
1974
1975
1976
1977
1978
1979
2000
2001
2002
2003
2004
2005
2006
2007
2008
2009
2030
2031
2032
2033
2034
2035
2036
2037
2038
2039
2060
2061
2062
2063
2064
2065
2066
2067
2068
2069
2090
2091
2092
2093
2094
2095
2096
2097
2098
2099
2120
2121
2122
2123
2124
2125
2126
2127
2128
2129
2150
2151
2152
2153
2154
2155
2156
2157
2158
2159
2180
2181
2182
2183
2184
2185
2186
2187
2188
2189
2210
2211
2212
2213
2214
2215
2216
2217
2218
2219
2240
2241
2242
2243
2244
2245
2246
2247
2248
2249
2270
2271
2272
2273
2274
2275
2276
2277
2278
2279
2300
2301
2302
2303
2304
2305
2306
2307
2308
2309
2330
2331
2332
2333
2334
2335
2336
2337
2338
2339
2360
2361
2362
2363
2364
2365
2366
2367
2368
2369
2390
2391
2392
2393
2394
2395
2396
2397
2398
2399
2420
2421
2422
2423
2424
2425
2426
2427
2428
2429
2450
2451
2452
2453
2454
2455
2456
2457
2458
2459
2480
2481
2482
2483
2484
2485
2486
2487
2488
2489
2510
2511
2512
2513
2514
2515
2516
2517
2518
2519
2540
2541
2542
2543
2544
2545
2546
2547
2548
2549
2570
2571
2572
2573
2574
2575
2576
2577
2578
2579
2600
2601
2602
2603
2604
2605
2606
2607
2608
2609
2630
2631
2632
2633
2634
2635
2636
2637
2638
2639
2660
2661
2662
2663
2664
2665
2666
2667
2668
2669
2690
2691
2692
2693
2694
2695
2696
2697
2698
2699
2720
2721
2722
2723
2724
2725
2726
2727
2728
2729
2750
2751
2752
2753
2754
2755
2756
2757
2758
2759
2780
2781
2782
2783
2784
2785
2786
2787
2788
2789
2810
2811
2812
2813
2814
2815
2816
2817
2818
2819
2840
2841
2842
2843
2844
2845
2846
2847
2848
2849
2870
2871
2872
2873
2874
2875
2876
2877
2878
2879
2900
2901
2902
2903
2904
2905
2906
2907
2908
2909
2930
2931
2932
2933
2934
2935
2936
2937
2938
2939
2960
2961
2962
2963
2964
2965
2966
2967
2968
2969
2990
2991
2992
2993
2994
2995
2996
2997
2998
2999
3020
3021
3022
3023
3024
3025
3026
3027
3028
3029
3050
3051
3052
3053
3054
3055
3056
3057
3058
3059
3080
3081
3082
3083
3084
3085
3086
3087
3088
3089
3110
3111
3112
3113
3114
3115
3116
3117
3118
3119
3140
3141
3142
3143
3144
3145
3146
3147
3148
3149
3170
3171
3172
3173
3174
3175
3176
3177
3178
3179
3200
3201
3202
3203
3204
3205
3206
3207
3208
3209
3230
3231
3232
3233
3234
3235
3236
3237
3238
3239
3260
3261
3262
3263
3264
3265
3266
3267
3268
3269
3290
3291
3292
3293
3294
3295
3296
3297
3298
3299
3320
3321
3322
3323
3324
3325
3326
3327
3328
3329
3350
3351
3352
3353
3354
3355
3356
3357
3358
3359
3380
3381
3382
3383
3384
3385
3386
3387
3388
3389
3410
3411
3412
3413
3414
3415
3416
3417
3418
3419
3440
3441
3442
3443
3444
3445
3446
3447
3448
3449
3470
3471
3472
3473
3474
3475
3476
3477
3478
3479
3500
3501
3502
3503
3504
3505
3506
3507
3508
3509
3530
3531
3532
3533
3534
3535
3536
3537
3538
3539
3560
3561
3562
3563
3564
3565
3566
3567
3568
3569
3590
3591
3592
3593
3594
3595
3596
3597
3598
3599
3620
3621
3622
3623
3624
3625
3626
3627
3628
3629
3650
3651
3652
3653
3654
3655
3656
3657
3658
3659
3680
3681
3682
3683
3684
3685
3686
3687
3688
3689
3710
3711
3712
3713
3714
3715
3716
3717
3718
3719
3740
3741
3742
3743
3744
3745
3746
3747
3748
3749
3770
3771
3772
3773
3774
3775
3776
3777
3778
3779
3800
3801
3802
3803
3804
3805
3806
3807
3808
3809
3830
3831
3832
3833
3834
3835
3836
3837
3838
3839
3860
3861
3862
3863
3864
3865
3866
3867
3868
3869
3890
3891
3892
3893
3894
3895
3896
3897
3898
3899
3920
3921
3922
3923
3924
3925
3926
3927
3928
3929
3950
3951
3952
3953
3954
3955
3956
3957
3958
3959
3980
3981
3982
3983
3984
3985
3986
3987
3988
3989
4010
4011
4012
4013
4014
4015
4016
4017
4018
4019
4040
4041
4042
4043
4044
4045
4046
4047
4048
4049
4070
4071
4072
4073
4074
4075
4076
4077
4078
4079
4100
4101
4102
4103
4104
4105
4106
4107
4108
4109
4130
4131
4132
4133
4134
4135
4136
4137
4138
4139
4160
4161
4162
4163
4164
4165
4166
4167
4168
4169
4190
4191
4192
4193
4194
4195
4196
4197
4198
4199
4220
4221
4222
4223
4224
4225
4226
4227
4228
4229
4250
4251
4252
4253
4254
4255
4256
4257
4258
4259
4280
4281
4282
4283
4284
4285
4286
4287
4288
4289
4310
4311
4312
4313
4314
4315
4316
4317
4318
4319
4340
4341
4342
4343
4344
4345
4346
4347
4348
4349
4370
4371
4372
4373
4374
4375
4376
4377
4378
4379
4400
4401
4402
4403
4404
4405
4406
4407
4408
4409
4430
4431
4432
4433
4434
4435
4436
4437
4438
4439
4460
4461
4462
4463
4464
4465
4466
4467
4468
4469
4490
4491
4492
4493
4494
4495
4496
4497
4498
4499
4520
4521
4522
4523
4524
4525
4526
4527
4528
4529
4550
4551
4552
4553
4554
4555
4556
4557
4558
4559
4580
4581
4582
4583
4584
4585
4586
4587
4588
4589
4610
4611
4612
4613
4614
4615
4616
4617
4618
4619
4640
4641
4642
4643
4644
4645
4646
4647
4648
4649
4670
4671
4672
4673
4674
4675
4676
4677
4678
4679
4700
4701
4702
4703
4704
4705
4706
4707
4708
4709
4730
4731
4732
4733
4734
4735
4736
4737
4738
4739
4760
4761
4762
4763
4764
4765
4766
4767
4768
4769
4790
4791
4792
4793
4794
4795
4796
4797
4798
4799
4820
4821
4822
4823
4824
4825
4826
4827
4828
4829
4850
4851
4852
4853
4854
4855
4856
4857
4858
4859
4880
4881
4882
4883
4884
4885
4886
4887
4888
4889
4910
4911
4912
4913
4914
4915
4916
4917
4918
4919
4940
4941
4942
4943
4944
4945
4946
4947
4948
4949
4970
4971
4972
4973
4974
4975
4976
4977
4978
4979
5000
5001
5002
5003
5004
5005
5006
5007
5008
5009
5030
5031
5032
5033
5034
5035
5036
5037
5038
5039
5060
5061
5062
5063
5064
5065
5066
5067
5068
5069
5090
5091
5092
5093
5094
5095
5096
5097
5098
5099
5120
5121
5122
5123
5124
5125
5126
5127
5128
5129
5150
5151
5152
5153
5154
5155
5156
5157
5158
5159
5180
5181
5182
5183
5184
5185
5186
5187
5188
5189
5210
5211
5212
5213
5214
5215
5216
5217
5218
5219
5240
5241
5242
5243
5244
5245
5246
5247
5248
5249
5270
5271
5272
5273
5274
5275
5276
5277
5278
5279
5300
5301
5302
5303
5304
5305
5306
5307
5308
5309
5330
5331
5332
5333
5334
5335
5336
5337
5338
5339
5360
5361
5362
5363
5364
5365
5366
5367
5368
5369
5390
5391
5392
5393
5394
5395
5396
5397
5398
5399
5420
5421
5422
5423
5424
5425
5426
5427
5428
5429
5450
5451
5452
5453
5454
5455
5456
5457
5458
5459
5480
5481
5482
5483
5484
5485
5486
5487
5488
5489
5510
5511
5512
5513
5514
5515
5516
5517
5518
5519
5540
5541
5542
5543
5544
5545
5546
5547
5548
5549
5570
5571
5572
5573
5574
5575
5576
5577
5578
5579
5600
5601
5602
5603
5604
5605
5606
5607
5608
5609
5630
5631
5632
5633
5634
5635
5636
5637
5638
5639
5660
5661
5662
5663
5664
5665
5666
5667
5668
5669
5690
5691
5692
5693
5694
5695
5696
5697
5698
5699
5720
5721
5722
5723
5724
5725
5726
5727
5728
5729
5750
5751
5752
5753
5754
5755
5756
5757
5758
5759
5780
5781
5782
5783
5784
5785
5786
5787
5788
5789
5810
5811
5812
5813
5814
5815
5816
5817
5818
5819
5840
5841
5842
5843
5844
5845
5846
5847
5848
5849
5870
5871
5872
5873
5874
5875
5876
5877
5878
5879
5900
5901
5902
5903
5904
5905
5906
5907
5908
5909
5930
5931
5932
5933
5934
5935
5936
5937
5938
5939
5960
5961
5962
5963
5964
5965
5966
5967
5968
5969
5990
5991
5992
5993
5994
5995
5996
5997
5998
5999
6020
6021
6022
6023
6024
6025
6026
6027
6028
6029
6050
6051
6052
6053
6054
6055
6056
6057
6058
6059
6080
6081
6082
6083
6084
6085
6086
6087
6088
6089
6110
6111
6112
6113
6114
6115
6116
6117
6118
6119
6140
6141
6142
6143
6144
6145
6146
6147
6148
6149
6170
6171
6172
6173
6174
6175
6176
6177
6178
6179
6200
6201
6202
6203
6204
6205
6206
6207
6208
6209
6230
6231
6232
6233
6234
6235
6236
6237
6238
6239
6260
6261
6262
6263
6264
6265
6266
6267
6268
6269
6290
6291
6292
6293
6294
6295
6296
6297
6298
6299
6320
6321
6322
6323
6324
6325
6326
6327
6328
6329
6350
6351
6352
6353
6354
6355
6356
6357
6358
6359
6380
6381
6382
6383
6384
6385
6386
6387
6388
6389
6410
6411
6412
6413
6414
6415
6416
6417
6418
6419
6440
6441
6442
6443
6444
6445
6446
6447
6448
6449
6470
6471
6472
6473
6474
6475
6476
6477
6478
6479
6500
6501
6502
6503
6504
6505
6506
6507
6508
6509
6530
6531
6532
6533
6534
6535
6536
6537
6538
6539
6560
6561
6562
6563
6564
6565
6566
6567
6568
6569
6590
6591
6592
6593
6594
6595
6596
6597
6598
6599
6620
6621
6622
6623
6624
6625
6626
6627
6628
6629
6650
6651
6652
6653
6654
6655
6656
6657
6658
6659
6680
6681
6682
6683
6684
6685
6686
6687
6688
6689
6710
6711
6712
6713
6714
6715
6716
6717
6718
6719
6740
6741
6742
6743
6744
6745
6746
6747
6748
6749
6770
6771
6772
6773
6774
6775
6776
6777
6778
6779
6800
6801
6802
6803
6804
6805
6806
6807
6808
6809
6830
6831
6832
6833
6834
6835
6836
6837
6838
6839
6860
6861
6862
6863
6864
6865
6866
6867
6868
6869
6890
6891
6892
6893
6894
6895
6896
6897
6898
6899
6920
6921
6922
6923
6924
6925
6926
6927
6928
6929
6950
6951
6952
6953
6954
6955
6956
6957
6958
6959
6980
6981
6982
6983
6984
6985
6986
6987
6988
6989
7010
7011
7012
7013
7014
7015
7016
7017
7018
7019
7040
7041
7042
7043
7044
7045
7046
7047
7048
7049
7070
7071
7072
7073
7074
7075
7076
7077
7078
7079
7100
7101
7102
7103
7104
7105
7106
7107
7108
7109
7130
7131
7132
7133
7134
7135
7136
7137
7138
7139
7160
7161
7162
7163
7164
7165
7166
7167
7168
7169
7190
7191
7192
7193
7194
7195
7196
7197
7198
7199
7220
7221
7222
7223
7224
7225
7226
7227
7228
7229
7250
7251
7252
7253
7254
7255
7256
7257
7258
7259
7280
7281
7282
7283
7284
7285
7286
7287
7288
7289
7310
7311
7312
7313
7314
7315
7316
7317
7318
7319
7340
7341
7342
7343
7344
7345
7346
7347
7348
7349
7370
7371
7372
7373
7374
7375
7376
7377
7378
7379
7400
7401
7402
7403
7404
7405
7406
7407
7408
7409
7430
7431
7432
7433
7434
7435
7436
7437
7438
7439
7460
7461
7462
7463
7464
7465
7466
7467
7468
7469
7490
7491
7492
7493
7494
7495
7496
7497
7498
7499
7520
7521
7522
7523
7524
7525
7526
7527
7528
7529
7550
7551
7552
7553
7554
7555
7556
7557
7558
7559
7580
7581
7582
7583
7584
7585
7586
7587
7588
7589
7610
7611
7612
7613
7614
7615
7616
7617
7618
7619
7640
7641
7642
7643
7644
7645
7646
7647
7648
7649
7670
7671
7672
7673
7674
7675
7676
7677
7678
7679
7700
7701
7702
7703
7704
7705
7706
7707
7708
7709
7730
7731
7732
7733
7734
7735
7736
7737
7738
7739
7760
7761
7762
7763
7764
7765
7766
7767
7768
7769
7790
7791
7792
7793
7794
7795
7796
7797
7798
7799
7820
7821
7822
7823
7824
7825
7826
7827
7828
7829
7850
7851
7852
7853
7854
7855
7856
7857
7858
7859
7880
7881
7882
7883
7884
7885
7886
7887
7888
7889
7910
7911
7912
7913
7914
7915
7916
7917
7918
7919
7940
7941
7942
7943
7944
7945
7946
7947
7948
7949
7970
7971
7972
7973
7974
7975
7976
7977
7978
7979
8000
8001
8002
8003
8004
8005
8006
8007
8008
8009
8030
8031
8032
8033
8034
8035
8036
8037
8038
8039
8060
8061
8062
8063
8064
8065
8066
8067
8068
8069
8090
8091
8092
8093
8094
8095
8096
8097
8098
8099
8120
8121
8122
8123
8124
8125
8126
8127
8128
8129
8150
8151
8152
8153
8154
8155
8156
8157
8158
8159
8180
8181
8182
8183
8184
8185
8186
8187
8188
8189
8210
8211
8212
8213
8214
8215
8216
8217
8218
8219
8240
8241
8242
8243
8244
8245
8246
8247
8248
8249
8270
8271
8272
8273
8274
8275
8276
8277
8278
8279
8300
8301
8302
8303
8304
8305
8306
8307
8308
8309
8330
8331
8332
8333
8334
8335
8336
8337
8338
8339
8360
8361
8362
8363
8364
8365
8366
8367
8368
8369
8390
8391
8392
8393
8394
8395
8396
8397
8398
8399
8420
8421
8422
8423
8424
8425
8426
8427
8428
8429
8450
8451
8452
8453
8454
8455
8456
8457
8458
8459
8480
8481
8482
8483
8484
8485
8486
8487
8488
8489
8510
8511
8512
8513
8514
8515
8516
8517
8518
8519
8540
8541
8542
8543
8544
8545
8546
8547
8548
8549
8570
8571
8572
8573
8574
8575
8576
8577
8578
8579
8600
8601
8602
8603
8604
8605
8606
8607
8608
8609
8630
8631
8632
8633
8634
8635
8636
8637
8638
8639
8660
8661
8662
8663
8664
8665
8666
8667
8668
8669
8690
8691
8692
8693
8694
8695
8696
8697
8698
8699
8720
8721
8722
8723
8724
8725
8726
8727
8728
8729
8750
8751
8752
8753
8754
8755
8756
8757
8758
8759
8780
8781
8782
8783
8784
8785
8786
8787
8788
8789
8810
8811
8812
8813
8814
8815
8816
8817
8818
8819
8840
8841
8842
8843
8844
8845
8846
8847
8848
8849
8870
8871
8872
8873
8874
8875
8876
8877
8878
8879
8900
8901
8902
8903
8904
8905
8906
8907
8908
8909
8930
8931
8932
8933
8934
8935
8936
8937
8938
8939
8960
8961
8962
8963
8964
8965
8966
8967
8968
8969
8990
8991
8992
8993
8994
8995
8996
8997
8998
8999
9020
9021
9022
9023
9024
9025
9026
9027
9028
9029
9050
9051
9052
9053
9054
9055
9056
9057
9058
9059
9080
9081
9082
9083
9084
9085
9086
9087
9088
9089
9110
9111
9112
9113
9114
9115
9116
9117
9118
9119
9140
9141
9142
9143
9144
9145
9146
9147
9148
9149
9170
9171
9172
9173
9174
9175
9176
9177
9178
9179
9200
9201
9202
9203
9204
9205
9206
9207
9208
9209
9230
9231
9232
9233
9234
9235
9236
9237
9238
9239
9260
9261
9262
9263
9264
9265
9266
9267
9268
9269
9290
9291
9292
9293
9294
9295
9296
9297
9298
9299
9320
9321
9322
9323
9324
9325
9326
9327
9328
9329
9350
9351
9352
9353
9354
9355
9356
9357
9358
9359
9380
9381
9382
9383
9384
9385
9386
9387
9388
9389
9410
9411
9412
9413
9414
9415
9416
9417
9418
9419
9440
9441
9442
9443
9444
9445
9446
9447
9448
9449
9470
9471
9472
9473
9474
9475
9476
9477
9478
9479
9500
9501
9502
9503
9504
9505
9506
9507
9508
9509
9530
9531
9532
9533
9534
9535
9536
9537
9538
9539
9560
9561
9562
9563
9564
9565
9566
9567
9568
9569
9590
9591
9592
9593
9594
9595
9596
9597
9598
9599
9620
9621
9622
9623
9624
9625
9626
9627
9628
9629
9650
9651
9652
9653
9654
9655
9656
9657
9658
9659
9680
9681
9682
9683
9684
9685
9686
9687
9688
9689
9710
9711
9712
9713
9714
9715
9716
9717
9718
9719
9740
9741
9742
9743
9744
9745
9746
9747
9748
9749
9770
9771
9772
9773
9774
9775
9776
9777
9778
9779
9800
9801
9802
9803
9804
9805
9806
9807
9808
9809
9830
9831
9832
9833
9834
9835
9836
9837
9838
9839
9860
9861
9862
9863
9864
9865
9866
9867
9868
9869
9890
9891
9892
9893
9894
9895
9896
9897
9898
9899
9920
9921
9922
9923
9924
9925
9926
9927
9928
9929
9950
9951
9952
9953
9954
9955
9956
9957
9958
9959
9980
9981
9982
9983
9984
9985
9986
9987
9988
9989
