10
11
12
13
14
15
16
17
18
19
40
41
42
43
44
45
46
47
48
49
70
71
72
73
74
75
76
77
78
79
100
101
102
103
104
105
106
107
108
109
130
131
132
133
134
135
136
137
138
139
160
161
162
163
164
165
166
167
168
169
190
191
192
193
194
195
196
197
198
199
220
221
222
223
224
225
226
227
228
229
250
251
252
253
254
255
256
257
258
259
280
281
282
283
284
285
286
287
288
289
310
311
312
313
314
315
316
317
318
319
340
341
342
343
344
345
346
347
348
349
370
371
372
373
374
375
376
377
378
379
400
401
402
403
404
405
406
407
408
409
430
431
432
433
434
435
436
437
438
439
460
461
462
463
464
465
466
467
468
469
490
491
492
493
494
495
496
497
498
499
520
521
522
523
524
525
526
527
528
529
550
551
552
553
554
555
556
557
558
559
580
581
582
583
584
585
586
587
588
589
610
611
612
613
614
615
616
617
618
619
640
641
642
643
644
645
646
647
648
649
670
671
672
673
674
675
676
677
678
679
700
701
702
703
704
705
706
707
708
709
730
731
732
733
734
735
736
737
738
739
760
761
762
763
764
765
766
767
768
769
790
791
792
793
794
795
796
797
798
799
820
821
822
823
824
825
826
827
828
829
850
851
852
853
854
855
856
857
858
859
880
881
882
883
884
885
886
887
888
889
910
911
912
913
914
915
916
917
918
919
940
941
942
943
944
945
946
947
948
949
970
971
972
973
974
975
976
977
978
979
1000
1001
1002
1003
1004
1005
1006
1007
1008
1009
1030
1031
1032
1033
1034
1035
1036
1037
1038
1039
1060
1061
1062
1063
1064
1065
1066
1067
1068
1069
1090
1091
1092
1093
1094
1095
1096
1097
1098
1099
1120
1121
1122
1123
1124
1125
1126
1127
1128
1129
1150
1151
1152
1153
1154
1155
1156
1157
1158
1159
1180
1181
1182
1183
1184
1185
1186
1187
1188
1189
1210
1211
1212
1213
1214
1215
1216
1217
1218
1219
1240
1241
1242
1243
1244
1245
1246
1247
1248
1249
1270
1271
1272
1273
1274
1275
1276
1277
1278
1279
1300
1301
1302
1303
1304
1305
1306
1307
1308
1309
1330
1331
1332
1333
1334
1335
1336
1337
1338
1339
1360
1361
1362
1363
1364
1365
1366
1367
1368
1369
1390
1391
1392
1393
1394
1395
1396
1397
1398
1399
1420
1421
1422
1423
1424
1425
1426
1427
1428
1429
1450
1451
1452
1453
1454
1455
1456
1457
1458
1459
1480
1481
1482
1483
1484
1485
1486
1487
1488
1489
1510
1511
1512
1513
1514
1515
1516
1517
1518
1519
1540
1541
1542
1543
1544
1545
1546
1547
1548
1549
1570
1571
1572
1573
1574
1575
1576
1577
1578
1579
1600
1601
1602
1603
1604
1605
1606
1607
1608
1609
1630
1631
1632
1633
1634
1635
1636
1637
1638
1639
1660
1661
1662
1663
1664
1665
1666
1667
1668
1669
1690
1691
1692
1693
1694
1695
1696
1697
1698
1699
1720
1721
1722
1723
1724
1725
1726
1727
1728
1729
1750
1751
1752
1753
1754
1755
1756
1757
1758
1759
1780
1781
1782
1783
1784
1785
1786
1787
1788
1789
1810
1811
1812
1813
1814
1815
1816
1817
1818
1819
1840
1841
1842
1843
1844
1845
1846
1847
1848
1849
1870
1871
1872
1873
1874
1875
1876
1877
1878
1879
1900
1901
1902
1903
1904
1905
1906
1907
1908
1909
1930
1931
1932
1933
1934
1935
1936
1937
1938
1939
1960
1961
1962
1963
1964
1965
1966
1967
1968
1969
1990
1991
1992
1993
1994
1995
1996
1997
1998
1999
2020
2021
2022
2023
2024
2025
2026
2027
2028
2029
2050
2051
2052
2053
2054
2055
2056
2057
2058
2059
2080
2081
2082
2083
2084
2085
2086
2087
2088
2089
2110
2111
2112
2113
2114
2115
2116
2117
2118
2119
2140
2141
2142
2143
2144
2145
2146
2147
2148
2149
2170
2171
2172
2173
2174
2175
2176
2177
2178
2179
2200
2201
2202
2203
2204
2205
2206
2207
2208
2209
2230
2231
2232
2233
2234
2235
2236
2237
2238
2239
2260
2261
2262
2263
2264
2265
2266
2267
2268
2269
2290
2291
2292
2293
2294
2295
2296
2297
2298
2299
2320
2321
2322
2323
2324
2325
2326
2327
2328
2329
2350
2351
2352
2353
2354
2355
2356
2357
2358
2359
2380
2381
2382
2383
2384
2385
2386
2387
2388
2389
2410
2411
2412
2413
2414
2415
2416
2417
2418
2419
2440
2441
2442
2443
2444
2445
2446
2447
2448
2449
2470
2471
2472
2473
2474
2475
2476
2477
2478
2479
2500
2501
2502
2503
2504
2505
2506
2507
2508
2509
2530
2531
2532
2533
2534
2535
2536
2537
2538
2539
2560
2561
2562
2563
2564
2565
2566
2567
2568
2569
2590
2591
2592
2593
2594
2595
2596
2597
2598
2599
2620
2621
2622
2623
2624
2625
2626
2627
2628
2629
2650
2651
2652
2653
2654
2655
2656
2657
2658
2659
2680
2681
2682
2683
2684
2685
2686
2687
2688
2689
2710
2711
2712
2713
2714
2715
2716
2717
2718
2719
2740
2741
2742
2743
2744
2745
2746
2747
2748
2749
2770
2771
2772
2773
2774
2775
2776
2777
2778
2779
2800
2801
2802
2803
2804
2805
2806
2807
2808
2809
2830
2831
2832
2833
2834
2835
2836
2837
2838
2839
2860
2861
2862
2863
2864
2865
2866
2867
2868
2869
2890
2891
2892
2893
2894
2895
2896
2897
2898
2899
2920
2921
2922
2923
2924
2925
2926
2927
2928
2929
2950
2951
2952
2953
2954
2955
2956
2957
2958
2959
2980
2981
2982
2983
2984
2985
2986
2987
2988
2989
3010
3011
3012
3013
3014
3015
3016
3017
3018
3019
3040
3041
3042
3043
3044
3045
3046
3047
3048
3049
3070
3071
3072
3073
3074
3075
3076
3077
3078
3079
3100
3101
3102
3103
3104
3105
3106
3107
3108
3109
3130
3131
3132
3133
3134
3135
3136
3137
3138
3139
3160
3161
3162
3163
3164
3165
3166
3167
3168
3169
3190
3191
3192
3193
3194
3195
3196
3197
3198
3199
3220
3221
3222
3223
3224
3225
3226
3227
3228
3229
3250
3251
3252
3253
3254
3255
3256
3257
3258
3259
3280
3281
3282
3283
3284
3285
3286
3287
3288
3289
3310
3311
3312
3313
3314
3315
3316
3317
3318
3319
3340
3341
3342
3343
3344
3345
3346
3347
3348
3349
3370
3371
3372
3373
3374
3375
3376
3377
3378
3379
3400
3401
3402
3403
3404
3405
3406
3407
3408
3409
3430
3431
3432
3433
3434
3435
3436
3437
3438
3439
3460
3461
3462
3463
3464
3465
3466
3467
3468
3469
3490
3491
3492
3493
3494
3495
3496
3497
3498
3499
3520
3521
3522
3523
3524
3525
3526
3527
3528
3529
3550
3551
3552
3553
3554
3555
3556
3557
3558
3559
3580
3581
3582
3583
3584
3585
3586
3587
3588
3589
3610
3611
3612
3613
3614
3615
3616
3617
3618
3619
3640
3641
3642
3643
3644
3645
3646
3647
3648
3649
3670
3671
3672
3673
3674
3675
3676
3677
3678
3679
3700
3701
3702
3703
3704
3705
3706
3707
3708
3709
3730
3731
3732
3733
3734
3735
3736
3737
3738
3739
3760
3761
3762
3763
3764
3765
3766
3767
3768
3769
3790
3791
3792
3793
3794
3795
3796
3797
3798
3799
3820
3821
3822
3823
3824
3825
3826
3827
3828
3829
3850
3851
3852
3853
3854
3855
3856
3857
3858
3859
3880
3881
3882
3883
3884
3885
3886
3887
3888
3889
3910
3911
3912
3913
3914
3915
3916
3917
3918
3919
3940
3941
3942
3943
3944
3945
3946
3947
3948
3949
3970
3971
3972
3973
3974
3975
3976
3977
3978
3979
4000
4001
4002
4003
4004
4005
4006
4007
4008
4009
4030
4031
4032
4033
4034
4035
4036
4037
4038
4039
4060
4061
4062
4063
4064
4065
4066
4067
4068
4069
4090
4091
4092
4093
4094
4095
4096
4097
4098
4099
4120
4121
4122
4123
4124
4125
4126
4127
4128
4129
4150
4151
4152
4153
4154
4155
4156
4157
4158
4159
4180
4181
4182
4183
4184
4185
4186
4187
4188
4189
4210
4211
4212
4213
4214
4215
4216
4217
4218
4219
4240
4241
4242
4243
4244
4245
4246
4247
4248
4249
4270
4271
4272
4273
4274
4275
4276
4277
4278
4279
4300
4301
4302
4303
4304
4305
4306
4307
4308
4309
4330
4331
4332
4333
4334
4335
4336
4337
4338
4339
4360
4361
4362
4363
4364
4365
4366
4367
4368
4369
4390
4391
4392
4393
4394
4395
4396
4397
4398
4399
4420
4421
4422
4423
4424
4425
4426
4427
4428
4429
4450
4451
4452
4453
4454
4455
4456
4457
4458
4459
4480
4481
4482
4483
4484
4485
4486
4487
4488
4489
4510
4511
4512
4513
4514
4515
4516
4517
4518
4519
4540
4541
4542
4543
4544
4545
4546
4547
4548
4549
4570
4571
4572
4573
4574
4575
4576
4577
4578
4579
4600
4601
4602
4603
4604
4605
4606
4607
4608
4609
4630
4631
4632
4633
4634
4635
4636
4637
4638
4639
4660
4661
4662
4663
4664
4665
4666
4667
4668
4669
4690
4691
4692
4693
4694
4695
4696
4697
4698
4699
4720
4721
4722
4723
4724
4725
4726
4727
4728
4729
4750
4751
4752
4753
4754
4755
4756
4757
4758
4759
4780
4781
4782
4783
4784
4785
4786
4787
4788
4789
4810
4811
4812
4813
4814
4815
4816
4817
4818
4819
4840
4841
4842
4843
4844
4845
4846
4847
4848
4849
4870
4871
4872
4873
4874
4875
4876
4877
4878
4879
4900
4901
4902
4903
4904
4905
4906
4907
4908
4909
4930
4931
4932
4933
4934
4935
4936
4937
4938
4939
4960
4961
4962
4963
4964
4965
4966
4967
4968
4969
4990
4991
4992
4993
4994
4995
4996
4997
4998
4999
5020
5021
5022
5023
5024
5025
5026
5027
5028
5029
5050
5051
5052
5053
5054
5055
5056
5057
5058
5059
5080
5081
5082
5083
5084
5085
5086
5087
5088
5089
5110
5111
5112
5113
5114
5115
5116
5117
5118
5119
5140
5141
5142
5143
5144
5145
5146
5147
5148
5149
5170
5171
5172
5173
5174
5175
5176
5177
5178
5179
5200
5201
5202
5203
5204
5205
5206
5207
5208
5209
5230
5231
5232
5233
5234
5235
5236
5237
5238
5239
5260
5261
5262
5263
5264
5265
5266
5267
5268
5269
5290
5291
5292
5293
5294
5295
5296
5297
5298
5299
5320
5321
5322
5323
5324
5325
5326
5327
5328
5329
5350
5351
5352
5353
5354
5355
5356
5357
5358
5359
5380
5381
5382
5383
5384
5385
5386
5387
5388
5389
5410
5411
5412
5413
5414
5415
5416
5417
5418
5419
5440
5441
5442
5443
5444
5445
5446
5447
5448
5449
5470
5471
5472
5473
5474
5475
5476
5477
5478
5479
5500
5501
5502
5503
5504
5505
5506
5507
5508
5509
5530
5531
5532
5533
5534
5535
5536
5537
5538
5539
5560
5561
5562
5563
5564
5565
5566
5567
5568
5569
5590
5591
5592
5593
5594
5595
5596
5597
5598
5599
5620
5621
5622
5623
5624
5625
5626
5627
5628
5629
5650
5651
5652
5653
5654
5655
5656
5657
5658
5659
5680
5681
5682
5683
5684
5685
5686
5687
5688
5689
5710
5711
5712
5713
5714
5715
5716
5717
5718
5719
5740
5741
5742
5743
5744
5745
5746
5747
5748
5749
5770
5771
5772
5773
5774
5775
5776
5777
5778
5779
5800
5801
5802
5803
5804
5805
5806
5807
5808
5809
5830
5831
5832
5833
5834
5835
5836
5837
5838
5839
5860
5861
5862
5863
5864
5865
5866
5867
5868
5869
5890
5891
5892
5893
5894
5895
5896
5897
5898
5899
5920
5921
5922
5923
5924
5925
5926
5927
5928
5929
5950
5951
5952
5953
5954
5955
5956
5957
5958
5959
5980
5981
5982
5983
5984
5985
5986
5987
5988
5989
6010
6011
6012
6013
6014
6015
6016
6017
6018
6019
6040
6041
6042
6043
6044
6045
6046
6047
6048
6049
6070
6071
6072
6073
6074
6075
6076
6077
6078
6079
6100
6101
6102
6103
6104
6105
6106
6107
6108
6109
6130
6131
6132
6133
6134
6135
6136
6137
6138
6139
6160
6161
6162
6163
6164
6165
6166
6167
6168
6169
6190
6191
6192
6193
6194
6195
6196
6197
6198
6199
6220
6221
6222
6223
6224
6225
6226
6227
6228
6229
6250
6251
6252
6253
6254
6255
6256
6257
6258
6259
6280
6281
6282
6283
6284
6285
6286
6287
6288
6289
6310
6311
6312
6313
6314
6315
6316
6317
6318
6319
6340
6341
6342
6343
6344
6345
6346
6347
6348
6349
6370
6371
6372
6373
6374
6375
6376
6377
6378
6379
6400
6401
6402
6403
6404
6405
6406
6407
6408
6409
6430
6431
6432
6433
6434
6435
6436
6437
6438
6439
6460
6461
6462
6463
6464
6465
6466
6467
6468
6469
6490
6491
6492
6493
6494
6495
6496
6497
6498
6499
6520
6521
6522
6523
6524
6525
6526
6527
6528
6529
6550
6551
6552
6553
6554
6555
6556
6557
6558
6559
6580
6581
6582
6583
6584
6585
6586
6587
6588
6589
6610
6611
6612
6613
6614
6615
6616
6617
6618
6619
6640
6641
6642
6643
6644
6645
6646
6647
6648
6649
6670
6671
6672
6673
6674
6675
6676
6677
6678
6679
6700
6701
6702
6703
6704
6705
6706
6707
6708
6709
6730
6731
6732
6733
6734
6735
6736
6737
6738
6739
6760
6761
6762
6763
6764
6765
6766
6767
6768
6769
6790
6791
6792
6793
6794
6795
6796
6797
6798
6799
6820
6821
6822
6823
6824
6825
6826
6827
6828
6829
6850
6851
6852
6853
6854
6855
6856
6857
6858
6859
6880
6881
6882
6883
6884
6885
6886
6887
6888
6889
6910
6911
6912
6913
6914
6915
6916
6917
6918
6919
6940
6941
6942
6943
6944
6945
6946
6947
6948
6949
6970
6971
6972
6973
6974
6975
6976
6977
6978
6979
7000
7001
7002
7003
7004
7005
7006
7007
7008
7009
7030
7031
7032
7033
7034
7035
7036
7037
7038
7039
7060
7061
7062
7063
7064
7065
7066
7067
7068
7069
7090
7091
7092
7093
7094
7095
7096
7097
7098
7099
7120
7121
7122
7123
7124
7125
7126
7127
7128
7129
7150
7151
7152
7153
7154
7155
7156
7157
7158
7159
7180
7181
7182
7183
7184
7185
7186
7187
7188
7189
7210
7211
7212
7213
7214
7215
7216
7217
7218
7219
7240
7241
7242
7243
7244
7245
7246
7247
7248
7249
7270
7271
7272
7273
7274
7275
7276
7277
7278
7279
7300
7301
7302
7303
7304
7305
7306
7307
7308
7309
7330
7331
7332
7333
7334
7335
7336
7337
7338
7339
7360
7361
7362
7363
7364
7365
7366
7367
7368
7369
7390
7391
7392
7393
7394
7395
7396
7397
7398
7399
7420
7421
7422
7423
7424
7425
7426
7427
7428
7429
7450
7451
7452
7453
7454
7455
7456
7457
7458
7459
7480
7481
7482
7483
7484
7485
7486
7487
7488
7489
7510
7511
7512
7513
7514
7515
7516
7517
7518
7519
7540
7541
7542
7543
7544
7545
7546
7547
7548
7549
7570
7571
7572
7573
7574
7575
7576
7577
7578
7579
7600
7601
7602
7603
7604
7605
7606
7607
7608
7609
7630
7631
7632
7633
7634
7635
7636
7637
7638
7639
7660
7661
7662
7663
7664
7665
7666
7667
7668
7669
7690
7691
7692
7693
7694
7695
7696
7697
7698
7699
7720
7721
7722
7723
7724
7725
7726
7727
7728
7729
7750
7751
7752
7753
7754
7755
7756
7757
7758
7759
7780
7781
7782
7783
7784
7785
7786
7787
7788
7789
7810
7811
7812
7813
7814
7815
7816
7817
7818
7819
7840
7841
7842
7843
7844
7845
7846
7847
7848
7849
7870
7871
7872
7873
7874
7875
7876
7877
7878
7879
7900
7901
7902
7903
7904
7905
7906
7907
7908
7909
7930
7931
7932
7933
7934
7935
7936
7937
7938
7939
7960
7961
7962
7963
7964
7965
7966
7967
7968
7969
7990
7991
7992
7993
7994
7995
7996
7997
7998
7999
8020
8021
8022
8023
8024
8025
8026
8027
8028
8029
8050
8051
8052
8053
8054
8055
8056
8057
8058
8059
8080
8081
8082
8083
8084
8085
8086
8087
8088
8089
8110
8111
8112
8113
8114
8115
8116
8117
8118
8119
8140
8141
8142
8143
8144
8145
8146
8147
8148
8149
8170
8171
8172
8173
8174
8175
8176
8177
8178
8179
8200
8201
8202
8203
8204
8205
8206
8207
8208
8209
8230
8231
8232
8233
8234
8235
8236
8237
8238
8239
8260
8261
8262
8263
8264
8265
8266
8267
8268
8269
8290
8291
8292
8293
8294
8295
8296
8297
8298
8299
8320
8321
8322
8323
8324
8325
8326
8327
8328
8329
8350
8351
8352
8353
8354
8355
8356
8357
8358
8359
8380
8381
8382
8383
8384
8385
8386
8387
8388
8389
8410
8411
8412
8413
8414
8415
8416
8417
8418
8419
8440
8441
8442
8443
8444
8445
8446
8447
8448
8449
8470
8471
8472
8473
8474
8475
8476
8477
8478
8479
8500
8501
8502
8503
8504
8505
8506
8507
8508
8509
8530
8531
8532
8533
8534
8535
8536
8537
8538
8539
8560
8561
8562
8563
8564
8565
8566
8567
8568
8569
8590
8591
8592
8593
8594
8595
8596
8597
8598
8599
8620
8621
8622
8623
8624
8625
8626
8627
8628
8629
8650
8651
8652
8653
8654
8655
8656
8657
8658
8659
8680
8681
8682
8683
8684
8685
8686
8687
8688
8689
8710
8711
8712
8713
8714
8715
8716
8717
8718
8719
8740
8741
8742
8743
8744
8745
8746
8747
8748
8749
8770
8771
8772
8773
8774
8775
8776
8777
8778
8779
8800
8801
8802
8803
8804
8805
8806
8807
8808
8809
8830
8831
8832
8833
8834
8835
8836
8837
8838
8839
8860
8861
8862
8863
8864
8865
8866
8867
8868
8869
8890
8891
8892
8893
8894
8895
8896
8897
8898
8899
8920
8921
8922
8923
8924
8925
8926
8927
8928
8929
8950
8951
8952
8953
8954
8955
8956
8957
8958
8959
8980
8981
8982
8983
8984
8985
8986
8987
8988
8989
9010
9011
9012
9013
9014
9015
9016
9017
9018
9019
9040
9041
9042
9043
9044
9045
9046
9047
9048
9049
9070
9071
9072
9073
9074
9075
9076
9077
9078
9079
9100
9101
9102
9103
9104
9105
9106
9107
9108
9109
9130
9131
9132
9133
9134
9135
9136
9137
9138
9139
9160
9161
9162
9163
9164
9165
9166
9167
9168
9169
9190
9191
9192
9193
9194
9195
9196
9197
9198
9199
9220
9221
9222
9223
9224
9225
9226
9227
9228
9229
9250
9251
9252
9253
9254
9255
9256
9257
9258
9259
9280
9281
9282
9283
9284
9285
9286
9287
9288
9289
9310
9311
9312
9313
9314
9315
9316
9317
9318
9319
9340
9341
9342
9343
9344
9345
9346
9347
9348
9349
9370
9371
9372
9373
9374
9375
9376
9377
9378
9379
9400
9401
9402
9403
9404
9405
9406
9407
9408
9409
9430
9431
9432
9433
9434
9435
9436
9437
9438
9439
9460
9461
9462
9463
9464
9465
9466
9467
9468
9469
9490
9491
9492
9493
9494
9495
9496
9497
9498
9499
9520
9521
9522
9523
9524
9525
9526
9527
9528
9529
9550
9551
9552
9553
9554
9555
9556
9557
9558
9559
9580
9581
9582
9583
9584
9585
9586
9587
9588
9589
9610
9611
9612
9613
9614
9615
9616
9617
9618
9619
9640
9641
9642
9643
9644
9645
9646
9647
9648
9649
9670
9671
9672
9673
9674
9675
9676
9677
9678
9679
9700
9701
9702
9703
9704
9705
9706
9707
9708
9709
9730
9731
9732
9733
9734
9735
9736
9737
9738
9739
9760
9761
9762
9763
9764
9765
9766
9767
9768
9769
9790
9791
9792
9793
9794
9795
9796
9797
9798
9799
9820
9821
9822
9823
9824
9825
9826
9827
9828
9829
9850
9851
9852
9853
9854
9855
9856
9857
9858
9859
9880
9881
9882
9883
9884
9885
9886
9887
9888
9889
9910
9911
9912
9913
9914
9915
9916
9917
9918
9919
9940
9941
9942
9943
9944
9945
9946
9947
9948
9949
9970
9971
9972
9973
9974
9975
9976
9977
9978
9979
