0
1
2
3
4
5
6
7
8
9
30
31
32
33
34
35
36
37
38
39
60
61
62
63
64
65
66
67
68
69
90
91
92
93
94
95
96
97
98
99
120
121
122
123
124
125
126
127
128
129
150
151
152
153
154
155
156
157
158
159
180
181
182
183
184
185
186
187
188
189
210
211
212
213
214
215
216
217
218
219
240
241
242
243
244
245
246
247
248
249
270
271
272
273
274
275
276
277
278
279
300
301
302
303
304
305
306
307
308
309
330
331
332
333
334
335
336
337
338
339
360
361
362
363
364
365
366
367
368
369
390
391
392
393
394
395
396
397
398
399
420
421
422
423
424
425
426
427
428
429
450
451
452
453
454
455
456
457
458
459
480
481
482
483
484
485
486
487
488
489
510
511
512
513
514
515
516
517
518
519
540
541
542
543
544
545
546
547
548
549
570
571
572
573
574
575
576
577
578
579
600
601
602
603
604
605
606
607
608
609
630
631
632
633
634
635
636
637
638
639
660
661
662
663
664
665
666
667
668
669
690
691
692
693
694
695
696
697
698
699
720
721
722
723
724
725
726
727
728
729
750
751
752
753
754
755
756
757
758
759
780
781
782
783
784
785
786
787
788
789
810
811
812
813
814
815
816
817
818
819
840
841
842
843
844
845
846
847
848
849
870
871
872
873
874
875
876
877
878
879
900
901
902
903
904
905
906
907
908
909
930
931
932
933
934
935
936
937
938
939
960
961
962
963
964
965
966
967
968
969
990
991
992
993
994
995
996
997
998
999
1020
1021
1022
1023
1024
1025
1026
1027
1028
1029
1050
1051
1052
1053
1054
1055
1056
1057
1058
1059
1080
1081
1082
1083
1084
1085
1086
1087
1088
1089
1110
1111
1112
1113
1114
1115
1116
1117
1118
1119
1140
1141
1142
1143
1144
1145
1146
1147
1148
1149
1170
1171
1172
1173
1174
1175
1176
1177
1178
1179
1200
1201
1202
1203
1204
1205
1206
1207
1208
1209
1230
1231
1232
1233
1234
1235
1236
1237
1238
1239
1260
1261
1262
1263
1264
1265
1266
1267
1268
1269
1290
1291
1292
1293
1294
1295
1296
1297
1298
1299
1320
1321
1322
1323
1324
1325
1326
1327
1328
1329
1350
1351
1352
1353
1354
1355
1356
1357
1358
1359
1380
1381
1382
1383
1384
1385
1386
1387
1388
1389
1410
1411
1412
1413
1414
1415
1416
1417
1418
1419
1440
1441
1442
1443
1444
1445
1446
1447
1448
1449
1470
1471
1472
1473
1474
1475
1476
1477
1478
1479
1500
1501
1502
1503
1504
1505
1506
1507
1508
1509
1530
1531
1532
1533
1534
1535
1536
1537
1538
1539
1560
1561
1562
1563
1564
1565
1566
1567
1568
1569
1590
1591
1592
1593
1594
1595
1596
1597
1598
1599
1620
1621
1622
1623
1624
1625
1626
1627
1628
1629
1650
1651
1652
1653
1654
1655
1656
1657
1658
1659
1680
1681
1682
1683
1684
1685
1686
1687
1688
1689
1710
1711
1712
1713
1714
1715
1716
1717
1718
1719
1740
1741
1742
1743
1744
1745
1746
1747
1748
1749
1770
1771
1772
1773
1774
1775
1776
1777
1778
1779
1800
1801
1802
1803
1804
1805
1806
1807
1808
1809
1830
1831
1832
1833
1834
1835
1836
1837
1838
1839
1860
1861
1862
1863
1864
1865
1866
1867
1868
1869
1890
1891
1892
1893
1894
1895
1896
1897
1898
1899
1920
1921
1922
1923
1924
1925
1926
1927
1928
1929
1950
1951
1952
1953
1954
1955
1956
1957
1958
1959
1980
1981
1982
1983
1984
1985
1986
1987
1988
1989
2010
2011
2012
2013
2014
2015
2016
2017
2018
2019
2040
2041
2042
2043
2044
2045
2046
2047
2048
2049
2070
2071
2072
2073
2074
2075
2076
2077
2078
2079
2100
2101
2102
2103
2104
2105
2106
2107
2108
2109
2130
2131
2132
2133
2134
2135
2136
2137
2138
2139
2160
2161
2162
2163
2164
2165
2166
2167
2168
2169
2190
2191
2192
2193
2194
2195
2196
2197
2198
2199
2220
2221
2222
2223
2224
2225
2226
2227
2228
2229
2250
2251
2252
2253
2254
2255
2256
2257
2258
2259
2280
2281
2282
2283
2284
2285
2286
2287
2288
2289
2310
2311
2312
2313
2314
2315
2316
2317
2318
2319
2340
2341
2342
2343
2344
2345
2346
2347
2348
2349
2370
2371
2372
2373
2374
2375
2376
2377
2378
2379
2400
2401
2402
2403
2404
2405
2406
2407
2408
2409
2430
2431
2432
2433
2434
2435
2436
2437
2438
2439
2460
2461
2462
2463
2464
2465
2466
2467
2468
2469
2490
2491
2492
2493
2494
2495
2496
2497
2498
2499
2520
2521
2522
2523
2524
2525
2526
2527
2528
2529
2550
2551
2552
2553
2554
2555
2556
2557
2558
2559
2580
2581
2582
2583
2584
2585
2586
2587
2588
2589
2610
2611
2612
2613
2614
2615
2616
2617
2618
2619
2640
2641
2642
2643
2644
2645
2646
2647
2648
2649
2670
2671
2672
2673
2674
2675
2676
2677
2678
2679
2700
2701
2702
2703
2704
2705
2706
2707
2708
2709
2730
2731
2732
2733
2734
2735
2736
2737
2738
2739
2760
2761
2762
2763
2764
2765
2766
2767
2768
2769
2790
2791
2792
2793
2794
2795
2796
2797
2798
2799
2820
2821
2822
2823
2824
2825
2826
2827
2828
2829
2850
2851
2852
2853
2854
2855
2856
2857
2858
2859
2880
2881
2882
2883
2884
2885
2886
2887
2888
2889
2910
2911
2912
2913
2914
2915
2916
2917
2918
2919
2940
2941
2942
2943
2944
2945
2946
2947
2948
2949
2970
2971
2972
2973
2974
2975
2976
2977
2978
2979
3000
3001
3002
3003
3004
3005
3006
3007
3008
3009
3030
3031
3032
3033
3034
3035
3036
3037
3038
3039
3060
3061
3062
3063
3064
3065
3066
3067
3068
3069
3090
3091
3092
3093
3094
3095
3096
3097
3098
3099
3120
3121
3122
3123
3124
3125
3126
3127
3128
3129
3150
3151
3152
3153
3154
3155
3156
3157
3158
3159
3180
3181
3182
3183
3184
3185
3186
3187
3188
3189
3210
3211
3212
3213
3214
3215
3216
3217
3218
3219
3240
3241
3242
3243
3244
3245
3246
3247
3248
3249
3270
3271
3272
3273
3274
3275
3276
3277
3278
3279
3300
3301
3302
3303
3304
3305
3306
3307
3308
3309
3330
3331
3332
3333
3334
3335
3336
3337
3338
3339
3360
3361
3362
3363
3364
3365
3366
3367
3368
3369
3390
3391
3392
3393
3394
3395
3396
3397
3398
3399
3420
3421
3422
3423
3424
3425
3426
3427
3428
3429
3450
3451
3452
3453
3454
3455
3456
3457
3458
3459
3480
3481
3482
3483
3484
3485
3486
3487
3488
3489
3510
3511
3512
3513
3514
3515
3516
3517
3518
3519
3540
3541
3542
3543
3544
3545
3546
3547
3548
3549
3570
3571
3572
3573
3574
3575
3576
3577
3578
3579
3600
3601
3602
3603
3604
3605
3606
3607
3608
3609
3630
3631
3632
3633
3634
3635
3636
3637
3638
3639
3660
3661
3662
3663
3664
3665
3666
3667
3668
3669
3690
3691
3692
3693
3694
3695
3696
3697
3698
3699
3720
3721
3722
3723
3724
3725
3726
3727
3728
3729
3750
3751
3752
3753
3754
3755
3756
3757
3758
3759
3780
3781
3782
3783
3784
3785
3786
3787
3788
3789
3810
3811
3812
3813
3814
3815
3816
3817
3818
3819
3840
3841
3842
3843
3844
3845
3846
3847
3848
3849
3870
3871
3872
3873
3874
3875
3876
3877
3878
3879
3900
3901
3902
3903
3904
3905
3906
3907
3908
3909
3930
3931
3932
3933
3934
3935
3936
3937
3938
3939
3960
3961
3962
3963
3964
3965
3966
3967
3968
3969
3990
3991
3992
3993
3994
3995
3996
3997
3998
3999
4020
4021
4022
4023
4024
4025
4026
4027
4028
4029
4050
4051
4052
4053
4054
4055
4056
4057
4058
4059
4080
4081
4082
4083
4084
4085
4086
4087
4088
4089
4110
4111
4112
4113
4114
4115
4116
4117
4118
4119
4140
4141
4142
4143
4144
4145
4146
4147
4148
4149
4170
4171
4172
4173
4174
4175
4176
4177
4178
4179
4200
4201
4202
4203
4204
4205
4206
4207
4208
4209
4230
4231
4232
4233
4234
4235
4236
4237
4238
4239
4260
4261
4262
4263
4264
4265
4266
4267
4268
4269
4290
4291
4292
4293
4294
4295
4296
4297
4298
4299
4320
4321
4322
4323
4324
4325
4326
4327
4328
4329
4350
4351
4352
4353
4354
4355
4356
4357
4358
4359
4380
4381
4382
4383
4384
4385
4386
4387
4388
4389
4410
4411
4412
4413
4414
4415
4416
4417
4418
4419
4440
4441
4442
4443
4444
4445
4446
4447
4448
4449
4470
4471
4472
4473
4474
4475
4476
4477
4478
4479
4500
4501
4502
4503
4504
4505
4506
4507
4508
4509
4530
4531
4532
4533
4534
4535
4536
4537
4538
4539
4560
4561
4562
4563
4564
4565
4566
4567
4568
4569
4590
4591
4592
4593
4594
4595
4596
4597
4598
4599
4620
4621
4622
4623
4624
4625
4626
4627
4628
4629
4650
4651
4652
4653
4654
4655
4656
4657
4658
4659
4680
4681
4682
4683
4684
4685
4686
4687
4688
4689
4710
4711
4712
4713
4714
4715
4716
4717
4718
4719
4740
4741
4742
4743
4744
4745
4746
4747
4748
4749
4770
4771
4772
4773
4774
4775
4776
4777
4778
4779
4800
4801
4802
4803
4804
4805
4806
4807
4808
4809
4830
4831
4832
4833
4834
4835
4836
4837
4838
4839
4860
4861
4862
4863
4864
4865
4866
4867
4868
4869
4890
4891
4892
4893
4894
4895
4896
4897
4898
4899
4920
4921
4922
4923
4924
4925
4926
4927
4928
4929
4950
4951
4952
4953
4954
4955
4956
4957
4958
4959
4980
4981
4982
4983
4984
4985
4986
4987
4988
4989
5010
5011
5012
5013
5014
5015
5016
5017
5018
5019
5040
5041
5042
5043
5044
5045
5046
5047
5048
5049
5070
5071
5072
5073
5074
5075
5076
5077
5078
5079
5100
5101
5102
5103
5104
5105
5106
5107
5108
5109
5130
5131
5132
5133
5134
5135
5136
5137
5138
5139
5160
5161
5162
5163
5164
5165
5166
5167
5168
5169
5190
5191
5192
5193
5194
5195
5196
5197
5198
5199
5220
5221
5222
5223
5224
5225
5226
5227
5228
5229
5250
5251
5252
5253
5254
5255
5256
5257
5258
5259
5280
5281
5282
5283
5284
5285
5286
5287
5288
5289
5310
5311
5312
5313
5314
5315
5316
5317
5318
5319
5340
5341
5342
5343
5344
5345
5346
5347
5348
5349
5370
5371
5372
5373
5374
5375
5376
5377
5378
5379
5400
5401
5402
5403
5404
5405
5406
5407
5408
5409
5430
5431
5432
5433
5434
5435
5436
5437
5438
5439
5460
5461
5462
5463
5464
5465
5466
5467
5468
5469
5490
5491
5492
5493
5494
5495
5496
5497
5498
5499
5520
5521
5522
5523
5524
5525
5526
5527
5528
5529
5550
5551
5552
5553
5554
5555
5556
5557
5558
5559
5580
5581
5582
5583
5584
5585
5586
5587
5588
5589
5610
5611
5612
5613
5614
5615
5616
5617
5618
5619
5640
5641
5642
5643
5644
5645
5646
5647
5648
5649
5670
5671
5672
5673
5674
5675
5676
5677
5678
5679
5700
5701
5702
5703
5704
5705
5706
5707
5708
5709
5730
5731
5732
5733
5734
5735
5736
5737
5738
5739
5760
5761
5762
5763
5764
5765
5766
5767
5768
5769
5790
5791
5792
5793
5794
5795
5796
5797
5798
5799
5820
5821
5822
5823
5824
5825
5826
5827
5828
5829
5850
5851
5852
5853
5854
5855
5856
5857
5858
5859
5880
5881
5882
5883
5884
5885
5886
5887
5888
5889
5910
5911
5912
5913
5914
5915
5916
5917
5918
5919
5940
5941
5942
5943
5944
5945
5946
5947
5948
5949
5970
5971
5972
5973
5974
5975
5976
5977
5978
5979
6000
6001
6002
6003
6004
6005
6006
6007
6008
6009
6030
6031
6032
6033
6034
6035
6036
6037
6038
6039
6060
6061
6062
6063
6064
6065
6066
6067
6068
6069
6090
6091
6092
6093
6094
6095
6096
6097
6098
6099
6120
6121
6122
6123
6124
6125
6126
6127
6128
6129
6150
6151
6152
6153
6154
6155
6156
6157
6158
6159
6180
6181
6182
6183
6184
6185
6186
6187
6188
6189
6210
6211
6212
6213
6214
6215
6216
6217
6218
6219
6240
6241
6242
6243
6244
6245
6246
6247
6248
6249
6270
6271
6272
6273
6274
6275
6276
6277
6278
6279
6300
6301
6302
6303
6304
6305
6306
6307
6308
6309
6330
6331
6332
6333
6334
6335
6336
6337
6338
6339
6360
6361
6362
6363
6364
6365
6366
6367
6368
6369
6390
6391
6392
6393
6394
6395
6396
6397
6398
6399
6420
6421
6422
6423
6424
6425
6426
6427
6428
6429
6450
6451
6452
6453
6454
6455
6456
6457
6458
6459
6480
6481
6482
6483
6484
6485
6486
6487
6488
6489
6510
6511
6512
6513
6514
6515
6516
6517
6518
6519
6540
6541
6542
6543
6544
6545
6546
6547
6548
6549
6570
6571
6572
6573
6574
6575
6576
6577
6578
6579
6600
6601
6602
6603
6604
6605
6606
6607
6608
6609
6630
6631
6632
6633
6634
6635
6636
6637
6638
6639
6660
6661
6662
6663
6664
6665
6666
6667
6668
6669
6690
6691
6692
6693
6694
6695
6696
6697
6698
6699
6720
6721
6722
6723
6724
6725
6726
6727
6728
6729
6750
6751
6752
6753
6754
6755
6756
6757
6758
6759
6780
6781
6782
6783
6784
6785
6786
6787
6788
6789
6810
6811
6812
6813
6814
6815
6816
6817
6818
6819
6840
6841
6842
6843
6844
6845
6846
6847
6848
6849
6870
6871
6872
6873
6874
6875
6876
6877
6878
6879
6900
6901
6902
6903
6904
6905
6906
6907
6908
6909
6930
6931
6932
6933
6934
6935
6936
6937
6938
6939
6960
6961
6962
6963
6964
6965
6966
6967
6968
6969
6990
6991
6992
6993
6994
6995
6996
6997
6998
6999
7020
7021
7022
7023
7024
7025
7026
7027
7028
7029
7050
7051
7052
7053
7054
7055
7056
7057
7058
7059
7080
7081
7082
7083
7084
7085
7086
7087
7088
7089
7110
7111
7112
7113
7114
7115
7116
7117
7118
7119
7140
7141
7142
7143
7144
7145
7146
7147
7148
7149
7170
7171
7172
7173
7174
7175
7176
7177
7178
7179
7200
7201
7202
7203
7204
7205
7206
7207
7208
7209
7230
7231
7232
7233
7234
7235
7236
7237
7238
7239
7260
7261
7262
7263
7264
7265
7266
7267
7268
7269
7290
7291
7292
7293
7294
7295
7296
7297
7298
7299
7320
7321
7322
7323
7324
7325
7326
7327
7328
7329
7350
7351
7352
7353
7354
7355
7356
7357
7358
7359
7380
7381
7382
7383
7384
7385
7386
7387
7388
7389
7410
7411
7412
7413
7414
7415
7416
7417
7418
7419
7440
7441
7442
7443
7444
7445
7446
7447
7448
7449
7470
7471
7472
7473
7474
7475
7476
7477
7478
7479
7500
7501
7502
7503
7504
7505
7506
7507
7508
7509
7530
7531
7532
7533
7534
7535
7536
7537
7538
7539
7560
7561
7562
7563
7564
7565
7566
7567
7568
7569
7590
7591
7592
7593
7594
7595
7596
7597
7598
7599
7620
7621
7622
7623
7624
7625
7626
7627
7628
7629
7650
7651
7652
7653
7654
7655
7656
7657
7658
7659
7680
7681
7682
7683
7684
7685
7686
7687
7688
7689
7710
7711
7712
7713
7714
7715
7716
7717
7718
7719
7740
7741
7742
7743
7744
7745
7746
7747
7748
7749
7770
7771
7772
7773
7774
7775
7776
7777
7778
7779
7800
7801
7802
7803
7804
7805
7806
7807
7808
7809
7830
7831
7832
7833
7834
7835
7836
7837
7838
7839
7860
7861
7862
7863
7864
7865
7866
7867
7868
7869
7890
7891
7892
7893
7894
7895
7896
7897
7898
7899
7920
7921
7922
7923
7924
7925
7926
7927
7928
7929
7950
7951
7952
7953
7954
7955
7956
7957
7958
7959
7980
7981
7982
7983
7984
7985
7986
7987
7988
7989
8010
8011
8012
8013
8014
8015
8016
8017
8018
8019
8040
8041
8042
8043
8044
8045
8046
8047
8048
8049
8070
8071
8072
8073
8074
8075
8076
8077
8078
8079
8100
8101
8102
8103
8104
8105
8106
8107
8108
8109
8130
8131
8132
8133
8134
8135
8136
8137
8138
8139
8160
8161
8162
8163
8164
8165
8166
8167
8168
8169
8190
8191
8192
8193
8194
8195
8196
8197
8198
8199
8220
8221
8222
8223
8224
8225
8226
8227
8228
8229
8250
8251
8252
8253
8254
8255
8256
8257
8258
8259
8280
8281
8282
8283
8284
8285
8286
8287
8288
8289
8310
8311
8312
8313
8314
8315
8316
8317
8318
8319
8340
8341
8342
8343
8344
8345
8346
8347
8348
8349
8370
8371
8372
8373
8374
8375
8376
8377
8378
8379
8400
8401
8402
8403
8404
8405
8406
8407
8408
8409
8430
8431
8432
8433
8434
8435
8436
8437
8438
8439
8460
8461
8462
8463
8464
8465
8466
8467
8468
8469
8490
8491
8492
8493
8494
8495
8496
8497
8498
8499
8520
8521
8522
8523
8524
8525
8526
8527
8528
8529
8550
8551
8552
8553
8554
8555
8556
8557
8558
8559
8580
8581
8582
8583
8584
8585
8586
8587
8588
8589
8610
8611
8612
8613
8614
8615
8616
8617
8618
8619
8640
8641
8642
8643
8644
8645
8646
8647
8648
8649
8670
8671
8672
8673
8674
8675
8676
8677
8678
8679
8700
8701
8702
8703
8704
8705
8706
8707
8708
8709
8730
8731
8732
8733
8734
8735
8736
8737
8738
8739
8760
8761
8762
8763
8764
8765
8766
8767
8768
8769
8790
8791
8792
8793
8794
8795
8796
8797
8798
8799
8820
8821
8822
8823
8824
8825
8826
8827
8828
8829
8850
8851
8852
8853
8854
8855
8856
8857
8858
8859
8880
8881
8882
8883
8884
8885
8886
8887
8888
8889
8910
8911
8912
8913
8914
8915
8916
8917
8918
8919
8940
8941
8942
8943
8944
8945
8946
8947
8948
8949
8970
8971
8972
8973
8974
8975
8976
8977
8978
8979
9000
9001
9002
9003
9004
9005
9006
9007
9008
9009
9030
9031
9032
9033
9034
9035
9036
9037
9038
9039
9060
9061
9062
9063
9064
9065
9066
9067
9068
9069
9090
9091
9092
9093
9094
9095
9096
9097
9098
9099
9120
9121
9122
9123
9124
9125
9126
9127
9128
9129
9150
9151
9152
9153
9154
9155
9156
9157
9158
9159
9180
9181
9182
9183
9184
9185
9186
9187
9188
9189
9210
9211
9212
9213
9214
9215
9216
9217
9218
9219
9240
9241
9242
9243
9244
9245
9246
9247
9248
9249
9270
9271
9272
9273
9274
9275
9276
9277
9278
9279
9300
9301
9302
9303
9304
9305
9306
9307
9308
9309
9330
9331
9332
9333
9334
9335
9336
9337
9338
9339
9360
9361
9362
9363
9364
9365
9366
9367
9368
9369
9390
9391
9392
9393
9394
9395
9396
9397
9398
9399
9420
9421
9422
9423
9424
9425
9426
9427
9428
9429
9450
9451
9452
9453
9454
9455
9456
9457
9458
9459
9480
9481
9482
9483
9484
9485
9486
9487
9488
9489
9510
9511
9512
9513
9514
9515
9516
9517
9518
9519
9540
9541
9542
9543
9544
9545
9546
9547
9548
9549
9570
9571
9572
9573
9574
9575
9576
9577
9578
9579
9600
9601
9602
9603
9604
9605
9606
9607
9608
9609
9630
9631
9632
9633
9634
9635
9636
9637
9638
9639
9660
9661
9662
9663
9664
9665
9666
9667
9668
9669
9690
9691
9692
9693
9694
9695
9696
9697
9698
9699
9720
9721
9722
9723
9724
9725
9726
9727
9728
9729
9750
9751
9752
9753
9754
9755
9756
9757
9758
9759
9780
9781
9782
9783
9784
9785
9786
9787
9788
9789
9810
9811
9812
9813
9814
9815
9816
9817
9818
9819
9840
9841
9842
9843
9844
9845
9846
9847
9848
9849
9870
9871
9872
9873
9874
9875
9876
9877
9878
9879
9900
9901
9902
9903
9904
9905
9906
9907
9908
9909
9930
9931
9932
9933
9934
9935
9936
9937
9938
9939
9960
9961
9962
9963
9964
9965
9966
9967
9968
9969
9990
9991
9992
9993
9994
9995
9996
9997
9998
9999
